True labels: 
[0, 1, 1, 1, 1, 2, 3, 4, 5, 5, 5, 6, 6, 6, 6, 6, 6, 6, 7, 7, 7, 7, 7, 7, 7, 7, 8, 8, 8, 8, 8, 8, 9, 9, 10, 11, 11, 11, 11, 11, 12, 12, 12, 13, 14, 14, 15, 15, 15, 15, 16, 16, 16, 16, 17, 18, 18, 18, 19, 19, 19, 19, 19, 19, 19, 20, 21, 21, 21, 22, 23, 23, 23, 23]



# Naive Soft clustering training
Loaded 74 articles.
Expecting 24 events.
0.00255 : 19
0.00260 : 19
0.00265 : 20
0.00270 : 20
0.00275 : 22
0.00280 : 21
0.00285 : 21
0.00290 : 22
0.00295 : 23
0.00300 : 24
[0, 1, 1, 1, 1, 2, 3, 4, 5, 5, 5, 4, 4, 6, 4, 7, 8, 4, 6, 6, 4, 4, 9, 4, 4, 10, 4, 11, 6, 6, 4, 12, 4, 13, 6, 5, 6, 6, 6, 14, 4, 15, 4, 6, 16, 6, 17, 6, 18, 1, 19, 6, 4, 20, 12, 1, 20, 20, 21, 21, 21, 21, 21, 21, 21, 1, 20, 20, 20, 12, 22, 23, 23, 23]
scores: {'adjusted_rand': 0.24205095733887852,
 'homogeneity': 0.66133424327442669,
 'completeness': 0.74053755992507087,
 'adjusted_mutual_info': 0.32151829887901767}


# Hard clustering training
0.00255 : 21
0.00260 : 21
0.00265 : 23
0.00270 : 23
0.00275 : 23
0.00280 : 23
0.00285 : 24
24 clusters for threshold = 0.00285
[0, 1, 1, 1, 1, 2, 3, 4, 5, 1, 6, 1, 1, 7, 1, 8, 9, 1, 2, 2, 1, 1, 10, 1, 1, 11, 12, 13, 2, 2, 1, 14, 1, 2, 2, 1, 2, 2, 2, 15, 16, 17, 1, 2, 18, 2, 19, 2, 20, 1, 21, 2, 1, 22, 14, 1, 22, 22, 1, 21, 21, 21, 21, 21, 21, 1, 22, 22, 22, 14, 23, 18, 18, 1]
scores: {'adjusted_rand': 0.09976576866441955,
 'homogeneity': 0.53831280763770772,
 'completeness': 0.6565902555324713,
 'adjusted_mutual_info': 0.14810828392475986}


# Soft clustering (+ choose best) training
Loaded 74 articles.
Expecting 24 events.
0.00255 : 19
0.00260 : 19
0.00265 : 20
0.00270 : 20
0.00275 : 22
0.00280 : 21
0.00285 : 21
0.00290 : 22
0.00295 : 23
0.00300 : 24
24 clusters for threshold = 0.00300
[0, 1, 1, 1, 1, 2, 3, 4, 5, 1, 5, 1, 1, 6, 1, 7, 8, 4, 2, 2, 1, 4, 9, 1, 4, 10, 4, 11, 6, 2, 4, 12, 1, 13, 6, 5, 2, 2, 2, 14, 4, 15, 4, 2, 16, 2, 17, 2, 18, 1, 19, 2, 1, 20, 12, 1, 20, 20, 21, 21, 21, 21, 21, 21, 21, 1, 20, 20, 20, 12, 22, 23, 23, 23]
{'adjusted_rand': 0.19886218228426594,
 'homogeneity': 0.6364779059188016,
 'completeness': 0.70220468742329523,
 'adjusted_mutual_info': 0.25790844525205847}




